positive/1604659254.666568.jpg 1 54 320 280 275
positive/1604659254.83423.jpg 1 90 323 278 282
positive/1604659255.045818.jpg 1 142 334 294 267
positive/1604659255.21456.jpg 1 224 290 285 275
positive/1604659255.428254.jpg 1 319 333 254 229
positive/1604659255.662476.jpg 1 320 238 244 211
positive/1604659255.873219.jpg 1 352 171 215 201
positive/1604659256.0721998.jpg 1 402 148 212 208
positive/1604659256.283735.jpg 1 477 148 240 194
positive/1604659256.521141.jpg 1 579 158 247 167
positive/1604659256.7329862.jpg 1 650 143 249 158
positive/1604659256.90881.jpg 1 730 161 239 123
positive/1604659257.109877.jpg 1 802 185 251 123
positive/1604659257.3225238.jpg 1 869 309 214 124
positive/1604659257.522275.jpg 1 859 404 232 146
positive/1604659257.733066.jpg 1 830 454 201 128
positive/1604659257.9344032.jpg 1 690 440 211 151
positive/1604659258.456343.jpg 1 336 383 144 292
positive/1604659258.555561.jpg 1 262 365 207 296
positive/1604659258.733821.jpg 1 172 337 267 301
positive/1604659258.900068.jpg 1 137 322 282 292
positive/1604659259.110959.jpg 1 109 314 212 264
positive/1604659259.277527.jpg 1 45 311 179 252
positive/1604659259.5183449.jpg 1 21 321 120 243
positive/1604659259.763.jpg 1 66 313 160 260
positive/1604659259.938622.jpg 1 133 320 201 270
positive/1604659260.145887.jpg 1 185 279 226 276
positive/1604659260.3473861.jpg 1 227 205 217 255
positive/1604659260.557495.jpg 1 250 133 221 260
positive/1604659260.7654989.jpg 1 280 91 246 253
positive/1604659260.9676511.jpg 1 292 79 240 271
positive/1604659261.1764648.jpg 1 256 100 232 258
positive/1604659261.386935.jpg 1 196 103 209 259
positive/1604659261.6183412.jpg 1 172 117 167 243
positive/1604659261.936894.jpg 1 109 130 160 246
positive/1604659262.1694348.jpg 1 123 133 136 236
positive/1604659262.379903.jpg 1 150 110 132 236
positive/1604659262.620129.jpg 1 192 102 171 249
positive/1604659262.863055.jpg 1 264 94 205 260
positive/1604659263.063373.jpg 1 327 96 228 247
positive/1604659263.241536.jpg 1 372 79 238 264
positive/1604659263.417019.jpg 1 429 76 228 263
positive/1604659263.6179168.jpg 1 434 85 243 254
positive/1604659263.827734.jpg 1 398 59 249 276
positive/1604659263.994338.jpg 1 327 46 274 281
positive/1604659264.2410629.jpg 1 270 52 271 273
positive/1604659264.439616.jpg 1 206 44 305 287
positive/1604659264.682355.jpg 1 175 45 279 288
positive/1604659264.9594932.jpg 1 135 81 296 289
positive/1604659265.208249.jpg 1 109 106 294 289
positive/1604659265.4094322.jpg 1 82 115 286 294
positive/1604659265.6204212.jpg 1 79 106 306 288
positive/1604659265.853523.jpg 1 119 95 285 290
positive/1604659266.0996869.jpg 1 112 95 300 292
positive/1604659266.310257.jpg 1 126 112 278 294
positive/1604659266.516046.jpg 1 146 128 266 289
positive/1604659276.736047.jpg 1 14 171 213 383
positive/1604659276.9132512.jpg 1 13 163 215 378
positive/1604659277.125628.jpg 1 0 191 151 372
positive/1604659277.319979.jpg 0
positive/1604659277.5279639.jpg 1 0 178 212 393
positive/1604659277.7385888.jpg 1 162 191 225 344
positive/1604659277.915668.jpg 1 271 196 234 362
positive/1604659278.2220118.jpg 0
positive/1604659278.531851.jpg 1 423 251 231 328
positive/1604659278.7365801.jpg 1 437 252 244 346
positive/1604659278.978605.jpg 1 471 245 253 330
positive/1604659279.1462789.jpg 1 516 245 274 328
positive/1604659279.322616.jpg 1 577 243 267 335
positive/1604659279.558787.jpg 1 627 270 264 338
positive/1604659279.7641768.jpg 1 676 341 241 327
positive/1604659279.973692.jpg 1 716 364 235 327
positive/1604659280.248372.jpg 1 696 320 227 309
positive/1604659280.458293.jpg 1 650 255 234 318
positive/1604659280.666141.jpg 1 655 192 215 303
positive/1604659280.939946.jpg 1 666 144 198 288
positive/1604659281.182025.jpg 1 711 132 195 287
positive/1604659281.4556532.jpg 1 778 153 174 277
positive/1604659281.696743.jpg 1 812 181 175 275
positive/1604659281.907274.jpg 1 805 184 184 268
positive/1604659282.11636.jpg 1 731 138 201 290
positive/1604659282.314922.jpg 1 677 109 199 297
positive/1604659282.52356.jpg 1 596 57 209 311
positive/1604659282.73346.jpg 1 512 17 211 308
positive/1604659282.940753.jpg 1 394 5 272 305
positive/1604659283.219281.jpg 1 316 2 251 313
positive/1604659283.4940622.jpg 1 239 46 276 365
positive/1604659283.699894.jpg 1 224 109 292 416
positive/1604659283.899443.jpg 1 184 188 320 422
positive/1604659284.1109152.jpg 1 88 198 330 427
positive/1604659284.318445.jpg 1 37 190 312 419
positive/1604659284.4855309.jpg 1 9 204 298 403
positive/1604659284.6619031.jpg 1 56 216 260 381
positive/1604659284.83761.jpg 1 104 226 258 352
positive/1604659285.002497.jpg 1 162 214 236 359
positive/1604659285.179447.jpg 1 189 223 217 324
